# 120/120 iterations complete ✅ (32366.53s)
# Results saved to runs/detect/tune
# Best fitness=0.71368 observed at iteration 118
# Best fitness metrics are {'metrics/precision(B)': 0.95854, 'metrics/recall(B)': 0.94666, 'metrics/mAP50(B)': 0.97778, 'metrics/mAP50-95(B)': 0.68434, 'val/box_loss': 0.88642, 'val/cls_loss': 0.29984, 'val/dfl_loss': 0.45328, 'fitness': 0.71368}
# Best fitness model is runs/detect/yolov8s_normal_tuned118
# Best fitness hyperparameters are printed below.

lr0: 0.00253
lrf: 0.00534
momentum: 0.81527
weight_decay: 0.00044
warmup_epochs: 1.04965
warmup_momentum: 0.5221
box: 6.19538
cls: 0.3155
dfl: 0.65855
hsv_h: 0.011
hsv_s: 0.17527
hsv_v: 0.16854
degrees: 0.0
translate: 0.02675
scale: 0.09048
shear: 0.0
perspective: 0.0
flipud: 0.0
fliplr: 0.19722
bgr: 0.0
mosaic: 0.7526
mixup: 0.0
copy_paste: 0.0
